58.184,27.548,58.184,23.462,
33.315,25.336,33.315,6.427,
37.2,74.939,37.2,36.585,
54.927,80.01,54.927,62.381,
41.491,23.483,41.491,93.561,
45.729,4.102,45.729,14.668,
80.145,2.539,80.145,12.282,
75.936,87.729,75.936,59.778,
40.26,88.295,40.26,38.065,
56.229,89.855,56.229,2.917,
25.169,39.454,25.169,2.805,
35.084,89.272,35.084,64.818,
37.829,46.66,37.829,79.548,
48.546,2.884,48.546,53.561,
35.71,32.996,35.71,55.185,
52.465,20.993,52.465,46.247,
29.239,2.765,29.239,79.65,
71.239,1.961,71.239,6.315,
73.307,86.253,73.307,1.24,
21.682,1.922,21.682,8.884,
62.144,69.282,62.144,64.599,
26.841,89.145,26.841,58.703,
68.073,28.094,68.073,30.403,
54.053,7.194,54.053,63.132,
46.127,12.492,46.127,73.95,
37.035,6.22,37.035,66.023,
74.479,33.115,74.479,33.612,
55.025,57.509,55.025,57.459,
39.029,12.38,39.029,9.502,
44.45,2.836,44.45,49.017,
34.561,52.834,34.561,57.745,
61.274,67.231,61.274,44.55,
54.613,61.523,54.613,86.353,
66.256,81.445,66.256,42.436,
57.985,44.491,57.985,35.024,
59.061,18.679,59.061,76.838,
26.064,51.618,26.064,13.023,
36.781,49.102,36.781,42.707,
42.648,8.751,42.648,76.863,
56.781,55.203,56.781,52.112,
47.674,21.453,47.674,52.632,
49.985,31.209,49.985,37.913,
23.019,72.66,23.019,46.592,
23.526,10.618,23.526,54.911,
56.396,65.177,56.396,42.05,
49.269,27.282,49.269,28.272,
53.789,79.172,53.789,50.54,
63.782,17.576,63.782,64.396,
51.495,24.67,51.495,71.001,
46.06,13.82,46.06,70.332,
70.873,69.58,70.873,11.89,
55.875,62.451,55.875,24.422,
51.974,14.858,51.974,48.062,
62.936,24.353,62.936,3.09,
80.408,70.172,80.408,16.803,
50.998,79.315,50.998,96.49,
31.36,55.8,31.36,5.5,
49.772,61.744,49.772,39.213,
42.005,19.452,42.005,47.228,
42.902,0.591,42.902,41.304,
70.716,10.369,70.716,19.929,
59.858,22.833,59.858,29.593,
51.813,97.238,51.813,39.869,
52.22,6.951,52.22,99.618,
31.338,51.358,31.338,50.705,
28.71,40.483,28.71,34.426,
42.156,41.981,42.156,35.764,
50.346,44.043,50.346,68.092,
40.891,6.837,40.891,23.039,
29.289,73.133,29.289,59.009,
28.928,67.626,28.928,9.913,
52.6,98.62,52.6,90.843,
42.609,57.598,42.609,7.771,
40.527,96.905,40.527,37.48,
51.641,16.339,51.641,95.434,
44.86,51.659,44.86,12.414,
45.837,85.502,45.837,74.751,
57.555,80.369,57.555,72.684,
49.801,8.437,49.801,41.669,
58.392,51.038,58.392,62.845,
43.082,96.569,43.082,21.8,
35.376,47.029,35.376,65.38,
45.788,75.838,45.788,70.721,
57.019,71.35,57.019,70.564,
44.035,67.63,44.035,6.179,
49.534,55.615,49.534,90.988,
75.202,90.378,75.202,21.857,
30.478,53.443,30.478,23.787,
40.694,90.374,40.694,30.539,
75.714,53.259,75.714,7.073,
65.737,23.297,65.737,98.24,
63.208,41.247,63.208,26.148,
45.307,11.619,45.307,60.301,
42.867,81.624,42.867,99.791,
60.63,97.244,60.63,55.438,
55.613,58.482,55.613,17.243,
26.236,93.63,26.236,74.404,
40.539,41.08,40.539,2.463,
42.794,17.12,42.794,96.163,
61.512,92.815,61.512,53.809,
80.874,43.317,80.874,76.401,
63.71,42.989,63.71,44.525,
19.878,91.088,19.878,60.698,
39.466,80.052,39.466,72.221,
40.179,84.136,40.179,17.831,
58.257,5.194,58.257,14.011,
19.495,78.074,19.495,27.462,
16.866,5.929,16.866,78.035,
46.032,69.532,46.032,10.835,
48.87,70.767,48.87,41.818,
59.533,23.101,59.533,63.16,
33.591,68.1,33.591,33.252,
35.863,61.736,35.863,31.963,
45.184,55.122,45.184,40.911,
62.548,66.767,62.548,86.989,
62.657,65.886,62.657,37.036,
61.214,24.757,61.214,44.126,
32.758,51.548,32.758,58.71,
57.131,40.201,57.131,38.325,
38.628,10.366,38.628,20.562,
24.574,5.394,24.574,88.652,
64.366,50.25,64.366,25.838,
59.575,81.836,59.575,62.378,
54.483,72.39,54.483,1.712,
58.213,1.09,58.213,24.387,
59.634,50.983,59.634,9.443,
50.082,37.309,50.082,53.236,
63.064,11.09,63.064,70.324,
27.468,38.466,27.468,15.805,
59.436,74.334,59.436,4.29,
51.626,28.831,51.626,18.777,
50.529,50.472,50.529,99.684,
48.708,11.357,48.708,97.074,
50.501,1.764,50.501,19.836,
38.995,5.346,38.995,56.879,
42.736,96.661,42.736,4.982,
38.634,52.177,38.634,64.04,
45.853,99.454,45.853,46.486,
48.224,9.81,48.224,57.408,
34.961,13.378,34.961,94.416,
45.629,35.447,45.629,71.064,
45.226,6.056,45.226,9.229,
40.291,24.922,40.291,69.404,
50.279,98.232,50.279,83.662,
57.575,37.304,57.575,34.689,
50.659,89.421,50.659,41.863,
69.735,83.627,69.735,97.956,
47.268,27.4,47.268,69.407,
33.368,99.837,33.368,71.065,
30.126,2.379,30.126,40.013,
44.786,55.73,44.786,20.179,
78.295,61.275,78.295,82.649,
60.331,74.055,60.331,19.113,
53.572,92.645,53.572,76.137,
18.22,46.933,18.22,34.785,
68.965,28.664,68.965,67.467,
66.441,40.334,66.441,26.35,
30.14,46.951,30.14,84.735,
41.099,71.645,41.099,84.668,
71.838,32.101,71.838,55.958,
41.453,30.16,41.453,99.357,
49.173,74.445,49.173,50.95,
43.567,85.872,43.567,16.983,
53.705,41.873,53.705,35.065,
37.778,98.006,37.778,45.822,
60.485,59.477,60.485,60.781,
48.272,91.527,48.272,70.145,
44.972,71.321,44.972,25.966,
66.514,17.158,66.514,60.124,
56.842,38.816,56.842,96.09,
43.937,48.488,43.937,2.234,
25.931,50.998,25.931,21.76,
28.288,98.329,28.288,29.406,
30.21,83.396,30.21,82.634,
42.361,55.724,42.361,0.224,
48.89,44.271,48.89,54.133,
40.681,54.889,40.681,62.085,
65.55,89.657,65.55,24.293,
45.076,87.83,45.076,34.519,
102.57,71.928,102.57,84.71,
41.657,63.527,41.657,65.768,
37.794,10.574,37.794,81.721,
60.21,98.281,60.21,48.228,
55.408,38.386,55.408,41.803,
34.623,94.193,34.623,26.509,
43.87,81.437,43.87,78.62,
44.83,25.757,44.83,95.646,
45.507,77.067,45.507,48.254,
34.368,8.123,34.368,66.368,
29.348,20.463,29.348,43.824,
60.056,64.846,60.056,69.382,
48.087,57.523,48.087,11.072,
51.876,47.807,51.876,81.231,
31.763,9.33,31.763,22.416,
37.262,87.459,37.262,80.604,
29.712,21.89,29.712,68.577,
41.609,67.688,41.609,85.832,
43.682,83.697,43.682,14.075,
31.769,26.293,31.769,81.833,
43.456,43.245,43.456,15.744,
52.738,79.467,52.738,17.938,
38.727,88.792,38.727,21.844,
62.613,56.662,62.613,46.754,
56.117,23.45,56.117,53.455,
52.21,10.794,52.21,78.655,
29.27,80.153,29.27,19.538,
49.874,38.028,49.874,46.498,
47.111,73.052,47.111,32.363,
58.581,1.215,58.581,10.79,
85.726,74.593,85.726,70.994,
33.796,1.555,33.796,86.835,
67.284,40.833,67.284,87.07,
40.561,84.172,40.561,42.243,
52.372,81.463,52.372,59.352,
43.807,95.02,43.807,95.745,
73.667,85.566,73.667,81.32,
42.299,28.905,42.299,46.367,
87.275,69.309,87.275,9.582,
38.345,21.408,38.345,75.811,
40.752,7.577,40.752,9.912,
56.501,41.072,56.501,96.262,
59.712,47.975,59.712,12.465,
57.625,32.515,57.625,60.894,
57.313,82.673,57.313,28.04,
63.822,45.918,63.822,14.942,
66.334,71.257,66.334,83.212,
56.452,63.895,56.452,41.537,
70.706,66.032,70.706,3.752,
71.996,2.826,71.996,48.338,
66.528,90.168,66.528,12.943,
73.162,22.469,73.162,48.555,
67.518,58.614,67.518,14.247,
50.622,25.071,50.622,13.087,
46.314,11.893,46.314,96.224,
40.792,63.129,40.792,9.261,
42.277,53.685,42.277,31.698,
52.809,3.612,52.809,96.065,
44.284,44.527,44.284,42.855,
66.583,15.673,66.583,15.786,
43.539,6.03,43.539,69.312,
54.754,58.741,54.754,7.602,
76.14,32.654,76.14,7.127,
63.109,48.384,63.109,69.944,
30.35,91.425,30.35,83.33,
44.404,68.429,44.404,15.357,
51.039,13.862,51.039,92.739,
60.707,79.589,60.707,94.087,
41.228,48.961,41.228,51.667,
34.074,47.183,34.074,10.777,
45.331,51.259,45.331,16.59,
57.035,73.535,57.035,22.42,
49.61,23.776,49.61,74.904,
24.695,74.262,24.695,85.119,
59.223,22.083,59.223,39.639,
54.437,81.885,54.437,12.213,
39.637,52.799,39.637,70.312,
79.442,95.054,42.906,95.054,
49.192,16.975,96.057,16.975,
38.861,67.464,17.726,67.464,
33.739,98.036,68.886,98.036,
19.953,17.194,9.557,17.194,
42.866,39.372,75.472,39.372,
87.561,61.067,28.684,61.067,
19.37,54.647,57.972,54.647,
31.229,44.465,0.338,44.465,
93.369,98.248,75.426,98.248,
46.308,33.434,78.016,33.434,
59.842,92.736,62.518,92.736,
46.088,69.67,0.875,69.67,
43.757,67.823,69.907,67.823,
21.77,61.193,64.621,61.193,
3.894,36.385,74.5,36.385,
20.731,66.139,54.673,66.139,
12.823,50.552,72.778,50.552,
57.786,58.262,85.425,58.262,
77.592,20.794,60.613,20.794,
8.974,3.552,0.056,3.552,
33.345,7.148,58.949,7.148,
62.931,73.573,11.625,73.573,
50.373,63.121,66.346,63.121,
20.987,26.333,8.064,26.333,
44.068,8.963,6.531,8.963,
43.882,86.171,1.227,86.171,
66.743,56.538,92.009,56.538,
40.366,94.443,73.258,94.443,
90.514,97.954,43.164,97.954,
80.902,9.903,62.359,9.903,
61.206,94.826,86.424,94.826,
98.361,46.285,34.391,46.285,
14.677,75.1,4.739,75.1,
6.768,12.548,6.789,12.548,
99.013,15.838,28.965,15.838,
29.091,93.918,26.899,93.918,
38.712,89.396,39.696,89.396,
75.485,87.589,58.124,87.589,
10.291,98.67,95.674,98.67,
54.58,1.89,94.161,1.89,
72.659,66.465,17.12,66.465,
32.093,90.698,4.121,90.698,
10.15,61.659,30.138,61.659,
73.428,32.732,9.481,32.732,
1.314,98.326,21.831,98.326,
19.919,67.616,7.577,67.616,
22.323,86.106,64.833,86.106,
51.966,64.531,85.749,64.531,
30.302,14.017,44.662,14.017,
86.582,55.229,15.254,55.229,
48.945,34.107,63.649,34.107,
41.697,98.97,74.736,98.97,
96.439,64.528,1.146,64.528,
75.087,33.476,29.274,33.476,
54.025,37.937,81.285,37.937,
71.877,81.869,82.961,81.869,
72.465,84.918,36.801,84.918,
11.34,42.156,30.456,42.156,
53.2,13.176,60.224,13.176,
91.045,52.446,56.109,52.446,
21.214,41.466,2.225,41.466,
24.41,53.709,68.041,53.709,
27.35,88.039,10.994,88.039,
56.343,22.445,8.925,22.445,
79.319,32.408,6.192,32.408,
60.856,10.785,55.259,10.785,
2.647,47.393,46.41,47.393,
94.442,61.704,2.561,61.704,
75.5,87.023,79.967,87.023,
79.463,95.651,35.18,95.651,
64.622,61.475,65.508,61.475,
82.916,32.902,96.312,32.902,
13.55,99.769,11.037,99.769,
37.706,97.466,6.331,97.466,
98.822,6.563,7.872,6.563,
25.877,74.925,25.705,74.925,
75.063,43.672,29.456,43.672,
6.274,82.964,22.494,82.964,
75.641,87.676,24.049,87.676,
22.714,81.667,83.885,81.667,
22.007,30.315,55.013,30.315,
72.971,56.292,6.169,56.292,
21.894,41.821,32.77,41.821,
53.753,61.086,8.266,61.086,
4.204,22.539,38.425,22.539,
22.344,14.524,40.144,14.524,
46.731,34.417,60.67,34.417,
31.672,87.914,99.376,87.914,
1.805,60.386,54.76,60.386,
2.343,66.821,26.615,66.821,
14.442,61.198,85.209,61.198,
92.495,82.692,23.877,82.692,
57.836,30.799,32.286,30.799,
14.359,87.242,28.335,87.242,
81.754,33.267,26.503,33.267,
24.998,59.646,78.689,59.646,
80.885,97.27,24.959,97.27,
87.951,13.894,31.21,13.894,
42.189,53.891,58.77,53.891,
62.351,86.408,18.191,86.408,
23.023,6.873,61.746,6.873,
26.61,90.405,92.831,90.405,
45.062,92.239,37.077,92.239,
84.827,89.712,71.434,89.712,
63.022,9.03,30.984,9.03,
35.872,69.638,66.367,69.638,
81.69,21.457,60.121,21.457,
7.402,22.918,1.333,22.918,
49.963,52.87,82.995,52.87,
70.113,64.105,14.293,64.105,
56.412,16.317,14.715,16.317,
51.082,83.592,82.786,83.592,
87.292,78.18,59.129,78.18,
59.36,32.722,51.383,32.722,
84.968,99.114,72.704,99.114,
21.774,32.348,1.672,32.348,
62.43,78.732,80.478,78.732,
2.436,39.346,81.452,39.346,
87.837,81.594,36.009,81.594,
45.539,17.785,1.68,17.785,
51.984,96.155,54.42,96.155,
37.773,4.953,17.266,4.953,
71.109,75.378,50.496,75.378,
34.051,56.573,30.927,56.573,
57.666,97.526,82.241,97.526,
28.225,2.391,98.104,2.391,
12.458,33.699,34.379,33.699,
79.09,52.619,65.319,52.619,
52.973,0.543,75.998,0.543,
21.198,10.277,44.4,10.277,
94.807,43.212,91.859,43.212,
99.895,64.733,10.596,64.733,
45.728,36.349,17.857,36.349,
70.437,50.948,13.937,50.948,
55.257,6.226,7.702,6.226,
92.213,48.309,10.029,48.309,
86.542,82.029,20.087,82.029,
30.787,86.281,49.034,86.281,
41.861,40.91,43.456,40.91,
52.864,3.298,9.715,3.298,
78.287,52.29,68.928,52.29,
62.271,34.748,29.186,34.748,
95.809,79.868,81.021,79.868,
78.648,58.104,58.424,58.104,
66.656,12.986,60.532,12.986,
4.792,3.257,68.602,3.257,
1.629,65.909,84.254,65.909,
63.439,7.002,43.948,7.002,
16.881,67.909,62.17,67.909,
9.809,98.119,23.112,98.119,
72.95,27.96,74.339,27.96,
42.269,97.341,92.914,97.341,
6.697,74.696,56.925,74.696,
40.302,90.92,95.866,90.92,
66.432,69.735,39.601,69.735,
56.252,31.969,86.001,31.969,
90.622,65.672,55.067,65.672,
75.355,67.114,56.315,67.114,
41.418,19.133,25.481,19.133,
37.163,12.235,65.53,12.235,
15.639,85.131,80.301,85.131,
80.69,77.844,11.892,77.844,
7.912,67.289,75.378,67.289,
35.509,97.377,37.365,97.377,
93.35,5.818,64.115,5.818,
31.478,48.78,96.872,48.78,
30.432,72.776,18.042,72.776,
40.912,97.235,94.086,97.235,
58.687,54.254,6.413,54.254,
98.753,73.711,67.851,73.711,
80.343,18.67,22.241,18.67,
68.635,46.965,11.39,46.965,
70.251,57.09,85.636,57.09,
35.759,35.152,20.301,35.152,
54.23,88.023,64.405,88.023,
11.081,34.776,94.662,34.776,
32.366,18.797,26.591,18.797,
25.562,49.436,65.652,49.436,
0.895,66.741,79.927,66.741,
78.099,66.733,77.684,66.733,
43.919,54.793,59.17,54.793,
76.242,29.53,33.359,29.53,
24.562,91.952,93.851,91.952,
74.902,56.248,0.419,56.248,
4.063,33.467,26.175,33.467,
75.014,95.255,87.4,95.255,
56.854,38.647,51.643,38.647,
91.462,20.144,17.84,20.144,
29.873,25.632,23.449,25.632,
37.584,37.644,71.663,37.644,
15.135,77.717,95.731,77.717,
2.168,48.024,16.741,48.024,
66.018,20.524,80.521,20.524,
14.086,61.845,23.679,61.845,
89.787,44.474,58.542,44.474,
99.615,87.174,42.495,87.174,
91.532,43.782,14.95,43.782,
37.915,91.261,21.14,91.261,
28.004,28.294,67.724,28.294,
11.323,51.353,62.705,51.353,
53.775,4.706,18.598,4.706,
28.794,14.575,50.672,14.575,
6.672,31.271,84.261,31.271,
73.228,18.521,19.71,18.521,
84.636,7.637,59.017,7.637,
86.395,96.83,13.306,96.83,
11.93,46.567,19.177,46.567,
58.768,29.975,48.882,29.975,
79.084,85.423,4.151,85.423,
35.85,55.932,6.101,55.932,
67.971,75.619,99.55,75.619,
87.398,41.312,64.689,41.312,
41.125,51.71,3.574,51.71,
11.475,26.728,44.376,26.728,
82.678,37.439,79.515,37.439,
61.353,4.256,41.46,4.256,
27.252,23.212,84.446,23.212,
90.031,96.239,14.0,96.239,
2.659,22.96,16.977,22.96,
4.499,77.641,40.813,77.641,
42.468,33.106,45.407,33.106,
9.866,95.702,68.196,95.702,
95.274,12.685,61.733,12.685,
2.085,75.694,62.7,75.694,
68.952,42.36,56.599,42.36,
37.242,77.708,8.311,77.708,
0.212,6.899,25.701,6.899,
65.24,62.244,22.014,62.244,
32.452,57.057,99.028,57.057,
66.203,90.069,13.006,90.069,
18.219,14.238,30.967,14.238,
69.033,90.614,77.721,90.614,
36.485,76.696,1.471,76.696,
63.287,81.933,5.315,81.933,
29.537,6.653,56.341,6.653,
37.923,70.669,66.466,70.669,
19.413,30.942,58.115,30.942,
93.423,42.258,72.035,42.258,
59.645,76.618,28.143,76.618,
77.44,16.882,17.606,16.882,
14.488,10.464,35.154,10.464,
88.344,75.882,74.887,75.882,
34.866,25.888,25.905,25.888,
75.905,94.241,51.618,94.241,
17.928,61.261,99.529,61.261,
43.834,68.282,17.916,68.282,
95.436,74.213,98.702,74.213,
25.036,32.461,88.848,32.461,
95.108,91.26,28.025,91.26,
57.141,76.484,60.575,76.484,
58.596,1.108,12.81,1.108,
33.259,23.173,20.54,23.173,
79.958,33.017,79.918,33.017,
40.893,10.698,90.939,10.698,
49.295,24.096,76.402,24.096,
