46.989,77.816,46.989,0.331,
38.085,88.263,38.085,62.072,
53.399,66.859,53.399,30.379,
62.221,41.581,62.221,30.744,
56.349,96.34,56.349,86.884,
31.199,75.259,31.199,27.309,
76.788,86.362,76.788,84.066,
52.862,78.859,52.862,33.913,
80.316,2.91,80.316,49.405,
33.526,35.628,33.526,60.148,
62.144,93.562,62.144,88.907,
56.205,92.079,56.205,72.317,
66.984,42.961,66.984,8.285,
57.817,60.805,57.817,81.474,
53.276,29.212,53.276,1.732,
43.662,32.463,43.662,78.296,
48.504,5.825,48.504,32.919,
49.061,86.643,49.061,98.67,
30.827,42.921,30.827,36.491,
38.726,20.737,38.726,40.308,
70.623,36.104,70.623,62.558,
45.251,60.919,45.251,27.727,
34.271,31.757,34.271,71.543,
45.119,80.02,45.119,40.639,
51.159,23.447,51.159,62.246,
33.053,23.334,33.053,79.069,
45.268,45.746,45.268,82.079,
28.75,35.289,28.75,37.475,
55.29,28.935,55.29,25.184,
53.166,87.44,53.166,99.649,
52.469,80.938,52.469,71.499,
53.774,31.384,53.774,46.42,
38.105,31.258,38.105,57.826,
56.429,38.959,56.429,88.903,
68.563,5.762,68.563,0.57,
53.322,46.502,53.322,1.538,
35.899,0.919,35.899,9.057,
45.454,89.938,45.454,31.151,
51.509,91.359,51.509,38.199,
46.199,3.134,46.199,0.996,
63.775,35.634,63.775,29.77,
44.177,53.208,44.177,12.001,
43.333,41.614,43.333,82.652,
60.612,3.396,60.612,67.381,
56.269,15.16,56.269,74.178,
62.598,26.577,62.598,11.349,
72.31,43.573,72.31,27.032,
24.906,40.713,24.906,77.782,
30.982,58.731,30.982,79.173,
20.011,1.236,20.011,90.561,
90.103,83.955,90.103,67.858,
40.809,64.797,40.809,43.697,
52.023,93.32,52.023,83.079,
50.909,33.81,50.909,16.387,
59.542,2.466,59.542,80.576,
53.607,1.889,53.607,45.87,
72.152,65.932,72.152,70.12,
61.278,46.518,61.278,89.213,
41.277,77.61,41.277,10.809,
62.997,57.206,62.997,54.096,
49.755,58.112,49.755,51.925,
50.854,44.897,50.854,68.218,
13.284,65.705,13.284,55.204,
34.871,51.545,34.871,87.119,
53.938,85.891,53.938,22.408,
28.16,67.532,28.16,11.013,
41.788,38.813,41.788,30.672,
64.106,69.01,64.106,92.66,
41.036,93.372,41.036,47.341,
64.331,7.258,64.331,70.34,
61.509,92.269,61.509,55.885,
67.165,17.799,67.165,52.683,
58.838,73.139,58.838,74.962,
58.566,68.277,58.566,15.412,
51.991,17.534,51.991,93.816,
43.841,31.014,43.841,43.957,
55.276,71.718,55.276,78.926,
55.166,48.649,55.166,70.477,
52.503,61.06,52.503,29.195,
34.309,59.448,34.309,9.001,
41.403,63.278,41.403,69.954,
62.658,62.609,62.658,88.166,
57.661,14.873,57.661,79.67,
21.659,33.297,21.659,17.499,
41.808,99.775,41.808,37.477,
55.462,42.164,55.462,0.224,
44.525,9.587,44.525,64.528,
62.999,94.748,62.999,23.235,
43.038,70.75,43.038,7.633,
37.758,82.416,37.758,13.197,
39.635,5.535,39.635,79.789,
46.38,28.408,46.38,46.664,
56.125,30.981,56.125,28.918,
38.805,20.075,38.805,41.636,
53.133,2.735,53.133,53.51,
50.342,41.513,50.342,38.163,
31.218,79.185,31.218,21.848,
37.929,59.611,37.929,96.421,
48.073,15.387,48.073,80.119,
34.519,70.879,34.519,2.064,
40.823,95.981,40.823,53.927,
21.646,86.489,21.646,70.771,
55.6,81.606,55.6,57.617,
63.924,18.547,63.924,86.528,
39.649,74.323,39.649,26.283,
63.517,31.96,63.517,91.512,
51.553,4.092,51.553,76.466,
34.95,43.071,34.95,69.364,
57.134,0.585,57.134,83.271,
48.331,78.838,48.331,28.196,
35.722,42.442,35.722,33.998,
38.079,58.405,38.079,94.835,
61.918,69.524,61.918,81.389,
64.145,22.737,64.145,77.633,
49.16,2.812,49.16,73.17,
53.281,17.347,53.281,41.566,
46.905,41.311,46.905,78.837,
73.499,28.201,73.499,66.432,
48.22,95.622,48.22,69.495,
43.869,81.48,43.869,26.604,
70.795,73.841,70.795,32.022,
47.783,44.204,47.783,39.109,
49.311,57.008,49.311,14.977,
29.355,4.576,29.355,75.729,
62.004,88.511,62.004,10.378,
58.542,68.445,58.542,24.362,
38.689,54.742,38.689,72.873,
54.584,81.415,54.584,15.076,
59.828,52.689,59.828,65.783,
73.667,74.921,73.667,97.065,
61.272,24.295,61.272,2.122,
51.182,38.96,51.182,64.159,
32.973,87.063,32.973,17.948,
35.997,44.203,35.997,78.588,
47.923,5.771,47.923,75.251,
41.551,71.855,41.551,35.371,
52.571,31.076,52.571,42.062,
42.769,60.889,42.769,43.002,
47.54,77.396,47.54,38.609,
47.61,49.193,47.61,70.039,
64.188,24.652,64.188,70.054,
55.933,67.675,55.933,21.745,
59.6,6.284,59.6,88.733,
45.251,44.51,45.251,66.104,
54.772,89.42,54.772,41.785,
72.851,90.508,72.851,24.344,
70.506,62.161,70.506,63.696,
43.044,65.948,43.044,77.521,
42.419,17.626,42.419,67.498,
31.507,74.257,31.507,17.759,
60.806,64.774,60.806,73.246,
38.082,88.559,38.082,90.442,
49.604,1.949,49.604,87.862,
70.359,93.378,70.359,31.923,
28.769,60.668,28.769,16.581,
54.686,15.687,54.686,6.266,
51.422,64.424,51.422,42.931,
42.122,27.003,42.122,84.072,
77.186,50.045,77.186,61.578,
60.439,21.381,60.439,86.631,
61.011,67.665,61.011,86.344,
54.74,12.922,54.74,39.424,
48.498,9.405,48.498,84.3,
54.417,50.809,54.417,40.437,
56.916,16.595,56.916,6.108,
45.312,19.908,45.312,50.805,
55.755,80.675,55.755,92.625,
60.102,80.605,60.102,57.961,
75.015,83.899,75.015,38.274,
32.343,2.832,32.343,44.782,
48.03,22.523,48.03,82.812,
82.167,66.117,82.167,22.153,
38.915,17.38,38.915,84.846,
44.95,30.026,44.95,46.89,
65.193,44.568,65.193,2.832,
52.123,27.5,52.123,52.193,
50.101,12.441,50.101,72.25,
49.978,97.352,49.978,63.535,
40.874,70.177,40.874,21.303,
43.648,51.616,43.648,59.381,
62.428,57.885,62.428,11.683,
44.427,68.413,44.427,63.139,
56.271,98.574,56.271,25.844,
61.978,11.683,61.978,20.438,
45.073,88.243,45.073,47.685,
60.255,5.383,60.255,24.122,
56.428,61.935,56.428,99.685,
57.31,31.64,57.31,98.299,
45.224,0.824,45.224,6.244,
40.984,79.893,40.984,42.279,
65.821,98.197,65.821,50.36,
49.293,47.165,49.293,65.483,
75.223,20.704,75.223,78.775,
66.996,78.421,66.996,15.146,
39.74,85.272,39.74,89.301,
59.114,40.311,59.114,10.097,
31.693,21.842,31.693,3.304,
40.961,41.664,40.961,45.931,
38.883,7.371,38.883,86.184,
55.741,49.713,55.741,29.58,
34.828,37.537,34.828,29.165,
47.044,2.315,47.044,34.577,
60.971,49.141,60.971,46.828,
41.396,83.313,41.396,42.24,
39.985,18.422,39.985,76.565,
36.071,10.722,36.071,48.55,
43.028,38.321,43.028,88.49,
50.32,85.554,50.32,71.68,
56.002,21.205,56.002,27.322,
45.816,62.864,45.816,90.92,
63.113,82.618,63.113,11.389,
64.744,36.011,64.744,84.182,
43.411,36.357,43.411,8.122,
55.822,70.116,55.822,8.314,
45.038,71.501,45.038,90.275,
37.597,81.393,37.597,84.125,
50.805,87.944,50.805,52.609,
37.753,35.234,37.753,6.327,
5.424,38.63,5.424,34.87,
42.003,27.886,42.003,97.53,
42.982,63.818,42.982,53.645,
48.887,24.034,48.887,64.962,
65.725,5.607,65.725,93.031,
58.219,45.774,58.219,98.788,
42.625,59.358,42.625,42.064,
41.334,47.205,41.334,71.67,
32.74,52.761,32.74,95.43,
36.932,63.305,36.932,60.667,
37.513,42.98,37.513,53.254,
52.377,91.713,52.377,14.594,
50.216,87.673,50.216,65.61,
54.962,51.752,54.962,32.671,
58.953,76.596,58.953,67.882,
50.5,66.249,50.5,3.559,
62.422,7.132,62.422,44.223,
60.737,28.613,60.737,77.823,
50.855,49.246,50.855,38.106,
52.384,50.177,52.384,11.419,
51.068,73.24,51.068,1.294,
36.93,30.913,36.93,22.958,
44.875,7.102,44.875,35.594,
62.937,60.43,62.937,53.319,
66.519,49.36,66.519,35.322,
66.941,35.559,66.941,2.602,
51.294,88.033,51.294,82.676,
60.537,75.81,60.537,46.456,
46.361,66.609,46.361,83.07,
66.691,28.7,66.691,1.511,
46.735,93.953,46.735,52.962,
62.162,83.143,62.162,17.919,
52.696,16.603,52.696,88.842,
34.995,51.045,34.995,25.958,
70.188,59.145,70.188,52.752,
59.956,34.748,59.956,53.187,
37.711,91.164,37.711,7.108,
54.095,71.09,54.095,58.831,
97.762,19.565,31.665,19.565,
2.853,14.67,37.272,14.67,
63.211,78.633,38.722,78.633,
99.12,72.104,90.169,72.104,
39.782,14.44,92.578,14.44,
47.462,81.172,87.091,81.172,
29.553,86.974,2.22,86.974,
5.001,33.836,98.037,33.836,
28.767,46.965,50.021,46.965,
50.593,55.315,80.844,55.315,
75.507,74.86,85.917,74.86,
40.337,82.851,39.282,82.851,
30.032,71.06,87.078,71.06,
9.589,24.252,30.965,24.252,
84.555,48.797,91.154,48.797,
14.931,50.711,35.7,50.711,
52.469,48.909,60.142,48.909,
37.665,85.359,65.057,85.359,
84.538,72.509,47.798,72.509,
26.096,31.377,33.737,31.377,
1.865,14.433,9.498,14.433,
33.65,32.259,39.622,32.259,
46.418,39.594,91.359,39.594,
46.316,36.652,40.061,36.652,
1.94,24.134,70.315,24.134,
79.402,13.914,30.698,13.914,
76.954,42.589,42.478,42.589,
39.608,20.78,54.767,20.78,
11.595,16.225,0.409,16.225,
84.253,88.964,5.863,88.964,
38.72,2.195,26.456,2.195,
91.383,96.58,57.284,96.58,
13.457,40.126,7.966,40.126,
69.713,9.629,13.781,9.629,
13.403,34.986,48.327,34.986,
58.988,63.654,55.253,63.654,
92.217,31.358,76.251,31.358,
83.516,78.62,31.072,78.62,
53.713,74.344,13.681,74.344,
44.343,14.208,83.658,14.208,
61.651,91.745,42.914,91.745,
49.73,28.44,81.802,28.44,
45.507,17.661,57.023,17.661,
56.197,73.935,40.458,73.935,
36.371,91.584,99.08,91.584,
1.225,75.295,92.222,75.295,
24.883,53.032,7.922,53.032,
67.514,74.176,65.722,74.176,
78.464,39.023,27.743,39.023,
2.206,99.54,62.646,99.54,
64.997,20.707,90.511,20.707,
83.374,37.201,13.998,37.201,
80.117,62.416,2.315,62.416,
51.821,1.173,29.466,1.173,
64.283,88.497,14.149,88.497,
16.505,89.011,34.152,89.011,
71.173,23.755,14.28,23.755,
65.044,72.329,53.269,72.329,
31.491,66.133,72.087,66.133,
21.162,93.405,57.368,93.405,
65.254,25.531,93.944,25.531,
54.056,19.082,3.933,19.082,
73.63,51.252,20.973,51.252,
61.587,27.379,2.284,27.379,
79.691,89.493,30.163,89.493,
82.304,52.059,20.252,52.059,
50.403,89.229,66.858,89.229,
88.629,91.021,36.42,91.021,
82.921,73.752,83.696,73.752,
34.193,49.444,0.32,49.444,
63.139,40.507,33.051,40.507,
67.328,65.123,85.12,65.123,
38.398,54.546,24.48,54.546,
36.054,76.92,29.338,76.92,
97.459,82.376,31.789,82.376,
39.414,96.598,53.121,96.598,
26.209,30.721,5.645,30.721,
78.593,26.924,73.904,26.924,
37.099,27.327,5.097,27.327,
17.632,5.574,19.695,5.574,
32.726,12.597,16.468,12.597,
27.415,14.294,66.072,14.294,
11.313,17.153,40.601,17.153,
93.679,68.69,85.977,68.69,
4.532,32.364,32.752,32.364,
66.566,36.978,66.58,36.978,
30.154,50.908,5.213,50.908,
98.276,40.607,92.634,40.607,
65.737,60.547,6.254,60.547,
0.172,78.915,34.638,78.915,
0.749,25.615,73.724,25.615,
80.508,30.173,87.46,30.173,
97.467,32.27,4.799,32.27,
39.329,97.558,41.528,97.558,
3.283,11.316,60.283,11.316,
74.06,48.945,5.794,48.945,
74.922,78.207,31.621,78.207,
25.305,0.674,47.011,0.674,
37.941,46.581,88.566,46.581,
90.334,97.895,31.814,97.895,
50.828,18.082,16.234,18.082,
85.943,76.196,11.131,76.196,
33.47,27.044,61.168,27.044,
22.67,53.176,35.825,53.176,
64.471,9.418,79.789,9.418,
89.792,94.79,39.535,94.79,
34.263,67.808,10.31,67.808,
62.018,53.686,31.587,53.686,
42.68,51.02,35.382,51.02,
52.081,57.701,57.736,57.701,
56.032,50.765,30.422,50.765,
12.376,81.98,68.513,81.98,
43.223,19.245,88.184,19.245,
58.054,12.093,79.033,12.093,
20.144,19.904,8.492,19.904,
54.195,65.675,66.261,65.675,
72.043,65.633,51.523,65.633,
2.488,2.713,71.887,2.713,
43.606,61.622,80.282,61.622,
35.672,9.05,13.783,9.05,
83.559,26.822,93.195,26.822,
99.401,72.155,45.553,72.155,
75.429,2.84,49.582,2.84,
75.48,93.927,91.327,93.927,
48.024,91.9,71.317,91.9,
92.996,62.337,57.623,62.337,
30.768,77.423,13.652,77.423,
35.955,65.179,32.188,65.179,
41.448,38.485,10.891,38.485,
99.826,6.992,3.876,6.992,
81.749,50.919,40.806,50.919,
73.149,39.365,21.169,39.365,
82.096,86.784,11.064,86.784,
32.946,39.1,79.458,39.1,
18.272,55.101,45.823,55.101,
89.365,45.016,28.781,45.016,
2.895,30.773,58.683,30.773,
1.522,68.079,0.873,68.079,
93.38,67.06,5.445,67.06,
4.923,19.97,4.124,19.97,
11.267,87.349,56.267,87.349,
43.885,9.461,50.657,9.461,
15.896,72.793,49.661,72.793,
28.9,54.959,95.197,54.959,
47.023,57.942,51.928,57.942,
38.474,74.413,50.84,74.413,
48.072,82.269,54.847,82.269,
43.428,83.245,33.062,83.245,
4.881,22.555,85.015,22.555,
45.39,48.107,87.399,48.107,
7.877,11.903,51.994,11.903,
22.892,73.681,5.827,73.681,
41.018,83.562,34.443,83.562,
61.478,4.354,95.91,4.354,
64.332,21.132,47.377,21.132,
87.975,88.918,59.861,88.918,
32.77,45.827,76.63,45.827,
23.883,19.276,78.464,19.276,
49.919,82.506,33.943,82.506,
44.984,21.768,98.928,21.768,
7.175,60.839,26.92,60.839,
70.97,58.986,53.652,58.986,
96.653,79.217,49.553,79.217,
83.255,20.886,7.125,20.886,
97.504,75.522,52.095,75.522,
65.296,25.333,45.029,25.333,
31.755,60.452,12.913,60.452,
97.688,61.945,98.543,61.945,
27.281,11.258,2.235,11.258,
0.988,49.72,88.972,49.72,
45.164,43.223,39.589,43.223,
69.546,12.359,95.511,12.359,
58.463,55.398,17.734,55.398,
57.441,27.841,90.192,27.841,
64.26,29.529,9.002,29.529,
76.662,76.401,58.073,76.401,
74.568,76.146,21.615,76.146,
22.668,87.887,72.415,87.887,
41.189,9.744,18.59,9.744,
14.07,93.211,30.021,93.211,
0.476,72.187,8.626,72.187,
92.95,81.354,62.839,81.354,
75.079,47.047,23.544,47.047,
87.784,92.661,31.377,92.661,
88.467,40.792,90.674,40.792,
60.592,79.043,11.992,79.043,
55.203,83.515,19.63,83.515,
98.086,93.516,13.617,93.516,
24.756,92.396,53.243,92.396,
28.644,45.174,85.45,45.174,
21.78,76.197,82.52,76.197,
54.166,54.519,2.25,54.519,
32.402,55.702,19.274,55.702,
40.388,49.735,70.627,49.735,
98.663,60.978,29.939,60.978,
59.329,62.243,81.529,62.243,
64.86,5.432,5.794,5.432,
82.18,63.299,20.467,63.299,
56.489,53.554,22.591,53.554,
75.188,59.506,28.138,59.506,
99.858,4.62,94.22,4.62,
10.902,59.444,6.341,59.444,
16.208,30.052,66.454,30.052,
14.428,85.111,74.596,85.111,
55.417,85.167,17.76,85.167,
71.857,27.806,74.827,27.806,
1.01,85.073,22.463,85.073,
24.677,9.369,78.957,9.369,
58.956,93.917,98.76,93.917,
9.335,75.455,97.285,75.455,
89.692,41.948,69.939,41.948,
10.88,10.572,95.02,10.572,
6.363,7.053,45.101,7.053,
30.413,65.887,67.262,65.887,
16.415,88.938,7.334,88.938,
0.345,45.058,76.863,45.058,
50.764,62.955,37.874,62.955,
62.682,13.382,38.72,13.382,
0.566,35.901,7.938,35.901,
83.209,17.923,12.876,17.923,
60.394,82.89,12.631,82.89,
48.699,15.794,7.993,15.794,
76.072,28.638,79.153,28.638,
61.573,62.706,67.847,62.706,
81.594,40.044,53.343,40.044,
43.841,71.08,24.066,71.08,
22.061,22.668,1.775,22.668,
12.923,86.515,16.751,86.515,
36.398,0.366,82.024,0.366,
30.067,81.908,65.414,81.908,
76.114,4.609,50.424,4.609,
17.68,32.069,81.006,32.069,
74.497,93.587,37.576,93.587,
25.756,8.688,47.124,8.688,
37.68,57.657,17.847,57.657,
16.858,50.054,26.856,50.054,
86.591,79.472,94.96,79.472,
61.348,84.178,19.373,84.178,
42.317,97.811,84.288,97.811,
53.759,63.929,56.341,63.929,
70.215,53.039,80.187,53.039,
1.938,52.52,87.579,52.52,
7.471,59.55,88.43,59.55,
13.544,44.98,13.992,44.98,
20.08,82.897,87.877,82.897,
31.268,42.162,25.674,42.162,
17.394,83.608,68.629,83.608,
6.212,97.943,46.965,97.943,
92.802,99.276,6.3,99.276,
66.745,25.559,66.895,25.559,
28.569,55.268,52.259,55.268,
42.177,86.895,92.7,86.895,
70.606,42.527,99.822,42.527,
52.168,58.898,41.398,58.898,
37.656,59.291,76.916,59.291,
25.073,7.404,26.555,7.404,
